service_id,monday,tuesday,wednesday,thursday,friday,saturday,sunday,start_date,end_date,info
465819,0,0,0,0,1,1,0,20250901,20261101,""
465824,0,0,0,0,1,1,0,20250901,20261101,""
463666,0,0,0,0,1,1,0,20250813,20261101,""
466527,0,0,0,0,1,1,0,20250901,20261101,""
465820,0,0,0,0,1,1,0,20250901,20261101,""
466528,0,0,0,0,1,1,0,20250901,20261101,""
466529,0,0,0,0,1,1,0,20250901,20261101,""
466530,0,0,0,0,1,1,0,20250901,20261101,""
465823,0,0,0,0,1,1,0,20250901,20261101,""
465654,1,1,1,1,1,0,0,20250901,20261101,""
465655,0,0,0,0,0,1,1,20250901,20261101,""
475986,0,0,0,0,0,1,0,20251129,20251129,""
465641,1,1,1,1,1,0,0,20250901,20261101,""
465642,0,0,0,0,0,1,1,20250901,20261101,""
474654,1,1,1,1,1,0,0,20251117,20261101,""
474655,1,1,1,1,1,0,0,20251117,20261101,""
465657,0,0,0,0,0,1,1,20250901,20261101,""
471443,1,1,1,1,1,0,0,20251020,20261101,""
465644,0,0,0,0,0,1,0,20250901,20261101,""
465645,0,0,0,0,0,0,1,20250901,20261101,""
474657,0,0,0,0,0,1,1,20251115,20261101,""
471596,1,1,1,1,1,0,0,20251020,20261101,""
475987,0,0,0,0,0,1,0,20251129,20251129,""
472385,1,1,1,1,1,0,0,20251027,20261101,""
465647,0,0,0,0,0,1,1,20250901,20261101,""
474656,0,0,0,0,0,1,1,20251115,20261101,""
465648,1,1,1,1,1,0,0,20250901,20261101,""
465649,0,0,0,0,0,1,1,20250901,20261101,""
472386,1,1,1,1,1,0,0,20251027,20261101,""
465663,0,0,0,0,0,1,1,20250901,20261101,""
471444,1,1,1,1,1,0,0,20251020,20261101,""
465651,0,0,0,0,0,1,1,20250901,20261101,""
475421,0,0,0,0,0,1,0,20251129,20251129,""
475419,0,0,0,0,0,1,1,20251122,20261101,""
475200,1,1,1,1,1,0,0,20251119,20261101,""
470795,1,1,1,1,1,0,0,20251013,20261101,""
470796,0,0,0,0,0,1,1,20251013,20261101,""
465966,1,1,1,1,1,0,0,20250901,20261101,""
465667,0,0,0,0,0,1,1,20250901,20261101,""
471448,1,1,1,1,1,0,0,20251020,20261101,""
465967,0,0,0,0,0,1,1,20250901,20261101,""
475424,0,0,0,0,0,1,0,20251129,20251129,""
465670,1,1,1,1,1,0,0,20250901,20261101,""
465968,0,0,0,0,0,1,1,20250901,20261101,""
475431,0,0,0,0,0,1,0,20251129,20251129,""
465672,1,1,1,1,1,0,0,20250901,20261101,""
465673,0,0,0,0,0,1,1,20250901,20261101,""
471449,1,1,1,1,1,0,0,20251020,20261101,""
465675,0,0,0,0,0,1,1,20250901,20261101,""
471450,1,1,1,1,1,0,0,20251020,20261101,""
473781,1,1,1,1,1,0,0,20251110,20261101,""
473776,0,0,0,0,0,1,1,20251108,20261101,""
465678,1,1,1,1,1,0,0,20250901,20261101,""
465679,0,0,0,0,0,1,1,20250901,20261101,""
473777,0,0,0,0,0,1,1,20251108,20261101,""
471599,1,1,1,1,1,0,0,20251020,20261101,""
465683,0,0,0,0,0,1,1,20250901,20261101,""
470006,1,1,1,1,1,0,0,20251006,20261101,""
470007,0,0,0,0,0,1,1,20251006,20261101,""
471611,1,1,1,1,1,0,0,20251020,20261101,""
465687,0,0,0,0,0,1,1,20250901,20261101,""
473223,1,1,1,1,1,0,0,20251103,20261101,""
465689,0,0,0,0,0,1,1,20250901,20261101,""
473782,1,1,1,1,1,0,0,20251110,20261101,""
471939,0,0,0,0,0,1,1,20251025,20261101,""
465692,1,1,1,1,1,0,0,20250901,20261101,""
465693,0,0,0,0,0,1,1,20250901,20261101,""
475422,0,0,0,0,0,1,0,20251129,20251129,""
465694,1,1,1,1,1,0,0,20250901,20261101,""
465695,0,0,0,0,0,1,1,20250901,20261101,""
471452,1,1,1,1,1,0,0,20251020,20261101,""
465697,0,0,0,0,0,1,1,20250901,20261101,""
465961,1,1,1,1,1,0,0,20250901,20261101,""
465699,0,0,0,0,0,1,1,20250901,20261101,""
473778,0,0,0,0,0,1,1,20251108,20261101,""
465700,1,1,1,1,1,0,0,20250901,20261101,""
471453,1,1,1,1,1,0,0,20251020,20261101,""
465703,0,0,0,0,0,1,1,20250901,20261101,""
473783,1,1,1,1,1,0,0,20251110,20261101,""
473779,0,0,0,0,0,1,1,20251108,20261101,""
473653,1,1,1,1,1,0,0,20251105,20261101,""
465707,0,0,0,0,0,1,1,20250901,20261101,""
475544,1,1,1,1,1,0,0,20251124,20261101,""
475545,0,0,0,0,0,1,1,20251124,20261101,""
471612,1,1,1,1,1,0,0,20251020,20261101,""
465711,0,0,0,0,0,1,1,20250901,20261101,""
475198,1,1,1,1,1,0,0,20251119,20261101,""
475199,0,0,0,0,0,1,1,20251119,20261101,""
475990,0,0,0,0,0,1,0,20251129,20251129,""
471456,1,1,1,1,1,0,0,20251020,20261101,""
471457,0,0,0,0,0,1,1,20251020,20261101,""
465716,1,1,1,1,1,0,0,20250901,20261101,""
465717,0,0,0,0,0,1,1,20250901,20261101,""
471613,1,1,1,1,1,0,0,20251020,20261101,""
465719,0,0,0,0,0,1,1,20250901,20261101,""
473225,1,1,1,1,1,0,0,20251103,20261101,""
465721,0,0,0,0,0,1,1,20250901,20261101,""
465722,1,1,1,1,1,0,0,20250901,20261101,""
465723,0,0,0,0,0,1,1,20250901,20261101,""
473784,1,1,1,1,1,0,0,20251110,20261101,""
465725,0,0,0,0,0,1,1,20250901,20261101,""
470010,1,1,1,1,1,0,0,20251006,20261101,""
470011,0,0,0,0,0,1,1,20251006,20261101,""
475309,1,1,1,1,1,0,0,20251120,20261101,""
475310,0,0,0,0,0,1,1,20251120,20261101,""
473785,1,1,1,1,1,0,0,20251110,20261101,""
465731,0,0,0,0,0,1,1,20250901,20261101,""
471461,1,1,1,1,1,0,0,20251020,20261101,""
465733,0,0,0,0,0,1,1,20250901,20261101,""
471603,1,1,1,1,1,0,0,20251020,20261101,""
465735,0,0,0,0,0,1,1,20250901,20261101,""
465736,1,1,1,1,1,0,0,20250901,20261101,""
465737,0,0,0,0,0,1,1,20250901,20261101,""
465738,1,1,1,1,1,0,0,20250901,20261101,""
465739,0,0,0,0,0,1,1,20250901,20261101,""
473090,0,0,0,0,0,1,1,20251101,20261101,""
472393,1,1,1,1,1,0,0,20251027,20261101,""
465742,1,1,1,1,1,0,0,20250901,20261101,""
465743,0,0,0,0,0,1,1,20250901,20261101,""
470797,1,1,1,1,1,0,0,20251013,20261101,""
465745,0,0,0,0,0,1,1,20250901,20261101,""
473080,1,1,1,1,1,0,0,20251101,20261101,""
473216,0,0,0,0,0,1,1,20251101,20261101,""
475988,0,0,0,0,0,1,0,20251129,20251129,""
471597,1,1,1,1,1,0,0,20251020,20261101,""
471598,0,0,0,0,0,1,1,20251020,20261101,""
475546,1,1,1,1,1,0,0,20251124,20261101,""
475547,0,0,0,0,0,1,1,20251124,20261101,""
471604,1,1,1,1,1,0,0,20251020,20261101,""
465753,0,0,0,0,0,1,1,20250901,20261101,""
471464,1,1,1,1,1,0,0,20251020,20261101,""
465755,0,0,0,0,0,1,1,20250901,20261101,""
473786,1,1,1,1,1,0,0,20251110,20261101,""
467441,0,0,0,0,0,1,1,20250911,20261101,""
475201,1,1,1,1,1,0,0,20251119,20261101,""
465759,0,0,0,0,0,1,1,20250901,20261101,""
475202,1,1,1,1,1,0,0,20251119,20261101,""
465760,1,1,1,1,1,0,0,20250901,20261101,""
465761,0,0,0,0,0,1,1,20250901,20261101,""
473787,1,1,1,1,1,0,0,20251110,20261101,""
473780,0,0,0,0,0,1,1,20251108,20261101,""
465764,1,1,1,1,1,0,0,20250901,20261101,""
465765,0,0,0,0,0,1,1,20250901,20261101,""
473089,0,0,0,0,0,1,1,20251108,20261101,""
473101,1,1,1,1,1,0,0,20251103,20261101,""
465768,1,1,1,1,1,0,0,20250901,20261101,""
471466,1,1,1,1,1,0,0,20251020,20261101,""
465770,0,0,0,0,0,1,1,20250901,20261101,""
474013,1,1,1,1,1,0,0,20251110,20261101,""
465772,0,0,0,0,0,1,1,20250901,20261101,""
469131,1,1,1,1,1,0,0,20251020,20261101,""
465774,0,0,0,0,0,1,1,20250901,20261101,""
465775,1,1,1,1,1,0,0,20250901,20261101,""
465776,0,0,0,0,0,1,1,20250901,20261101,""
465777,1,1,1,1,1,0,0,20250901,20261101,""
465778,0,0,0,0,0,1,0,20250901,20261101,""
465779,0,0,0,0,0,0,1,20250901,20261101,""
473546,1,1,1,1,1,0,0,20251103,20261101,""
465781,0,0,0,0,0,1,1,20250901,20261101,""
475548,1,1,1,1,1,0,0,20251124,20261101,""
475549,0,0,0,0,0,1,1,20251124,20261101,""
466418,1,1,1,1,1,0,0,20250901,20261101,""
465785,0,0,0,0,0,1,1,20250901,20261101,""
465786,1,1,1,1,1,0,0,20250901,20261101,""
465787,0,0,0,0,0,1,1,20250901,20261101,""
471467,1,1,1,1,1,0,0,20251020,20261101,""
465789,0,0,0,0,0,1,1,20250901,20261101,""
472945,1,1,1,1,1,0,0,20251030,20261101,""
472946,0,0,0,0,0,1,1,20251030,20261101,""
471606,1,1,1,1,1,0,0,20251020,20261101,""
465793,0,0,0,0,0,1,1,20250901,20261101,""
465818,1,1,1,1,0,0,1,20250901,20261101,""
475989,0,0,0,0,0,1,0,20251129,20251129,""
475418,0,0,0,0,0,1,1,20251122,20261101,""
476101,1,1,1,1,1,0,0,20251127,20251127,""
476211,1,1,1,1,1,0,0,20251128,20251128,""
476215,0,0,0,0,0,1,1,20251129,20251129,""
473788,1,1,1,1,1,0,0,20251110,20261101,""
465797,0,0,0,0,0,1,1,20250901,20261101,""
465798,1,1,1,1,1,0,0,20250901,20261101,""
465799,0,0,0,0,0,1,1,20250901,20261101,""
473789,1,1,1,1,1,0,0,20251110,20261101,""
465801,0,0,0,0,0,1,1,20250901,20261101,""
465802,1,1,1,1,1,0,0,20250901,20261101,""
465803,0,0,0,0,0,1,1,20250901,20261101,""
474658,1,1,1,1,1,0,0,20251117,20261101,""
472728,0,0,0,0,0,1,1,20251028,20261101,""
470794,1,1,1,1,1,0,0,20251013,20261101,""
465807,0,0,0,0,0,1,1,20250901,20261101,""
465808,1,1,1,1,1,0,0,20250901,20261101,""
465809,0,0,0,0,0,1,1,20250901,20261101,""
465810,1,1,1,1,1,0,0,20250901,20261101,""
465964,0,0,0,0,0,1,1,20250901,20261101,""
465812,1,1,1,1,1,0,0,20250901,20261101,""
465813,0,0,0,0,0,1,1,20250901,20261101,""
465814,1,1,1,1,1,0,0,20250901,20261101,""
465815,0,0,0,0,0,1,1,20250901,20261101,""
471593,1,1,1,1,1,0,0,20251020,20261101,""
465965,0,0,0,0,0,1,1,20250901,20261101,""
476214,0,0,0,0,0,1,1,20251129,20251129,""
476213,1,1,1,1,1,0,0,20251128,20251128,""
476102,1,1,1,1,1,0,0,20251127,20251127,""
465825,1,1,1,1,1,0,0,20250901,20261101,""
465826,0,0,0,0,0,1,1,20250901,20261101,""
475423,0,0,0,0,0,1,0,20251129,20251129,""
473899,1,1,1,1,1,0,0,20251110,20261101,""
465828,0,0,0,0,0,1,1,20250901,20261101,""
465829,1,1,1,1,1,0,0,20250901,20261101,""
475425,0,0,0,0,0,1,0,20251129,20251129,""
467456,0,0,0,0,0,1,1,20250915,20261101,""
465831,1,1,1,1,1,0,0,20250901,20261101,""
475426,0,0,0,0,0,1,0,20251129,20251129,""
469129,0,0,0,0,0,1,1,20251004,20261101,""
465847,1,1,1,1,1,0,0,20250901,20261101,""
468472,1,1,1,1,1,0,0,20250922,20261101,""
465834,0,0,0,0,0,1,1,20250901,20261101,""
475427,0,0,0,0,0,1,0,20251129,20251129,""
468473,1,1,1,1,1,0,0,20250922,20261101,""
465836,0,0,0,0,0,1,1,20250901,20261101,""
465837,1,1,1,1,1,0,0,20250901,20261101,""
465838,0,0,0,0,0,1,1,20250901,20261101,""
473896,1,1,1,1,1,0,0,20251110,20261101,""
473897,0,0,0,0,0,1,1,20251110,20261101,""
468474,1,1,1,1,1,0,0,20250922,20261101,""
467455,0,0,0,0,0,1,1,20250915,20261101,""
468245,1,1,1,1,1,0,0,20250918,20261101,""
473898,1,1,1,1,1,0,0,20251110,20261101,""
465844,0,0,0,0,0,1,1,20250901,20261101,""
475429,0,0,0,0,0,1,0,20251129,20251129,""
468476,1,1,1,1,1,0,0,20250922,20261101,""
465846,0,0,0,0,0,1,1,20250901,20261101,""
475430,0,0,0,0,0,1,0,20251129,20251129,""
465848,0,0,0,0,0,1,1,20250901,20261101,""
465849,1,1,1,1,1,0,0,20250901,20261101,""
465850,0,0,0,0,0,1,1,20250901,20261101,""
465851,1,1,1,1,1,0,0,20250901,20261101,""
465852,0,0,0,0,0,1,1,20250901,20261101,""
465853,1,1,1,1,1,0,0,20250901,20261101,""