service_id,date,exception_type
465642,20251129,2
465647,20251129,2
475419,20251129,2
465968,20251129,2
465673,20251129,2
465695,20251129,2
471457,20251129,2
471598,20251129,2
475418,20251129,2
465828,20251129,2
467456,20251129,2
469129,20251129,2
465836,20251129,2
465846,20251129,2
465848,20251129,2
465654,20260421,2
465654,20260101,2
465654,20260216,2
465654,20260311,2
465654,20260501,2
465654,20260624,2
465654,20260706,2
465654,20260815,2
465654,20261101,2
465654,20251224,2
465654,20251225,2
465654,20251226,2
465655,20260421,1
465655,20260101,1
465655,20260216,1
465655,20260311,1
465655,20260501,1
465655,20260624,1
465655,20260706,1
465655,20260815,1
465655,20261101,1
465655,20251224,1
465655,20251225,1
465655,20251226,1
465641,20260421,2
465641,20260101,2
465641,20260216,2
465641,20260311,2
465641,20260501,2
465641,20260624,2
465641,20260706,2
465641,20260815,2
465641,20261101,2
465641,20251224,2
465641,20251225,2
465641,20251226,2
465642,20260421,1
465642,20260101,1
465642,20260216,1
465642,20260311,1
465642,20260501,1
465642,20260624,1
465642,20260706,1
465642,20260815,1
465642,20261101,1
465642,20251224,1
465642,20251225,1
465642,20251226,1
474654,20260421,2
474654,20260101,2
474654,20260216,2
474654,20260311,2
474654,20260501,2
474654,20260624,2
474654,20260706,2
474654,20260815,2
474654,20261101,2
474654,20251224,2
474654,20251225,2
474654,20251226,2
474655,20260421,2
474655,20260101,2
474655,20260216,2
474655,20260311,2
474655,20260501,2
474655,20260624,2
474655,20260706,2
474655,20260815,2
474655,20261101,2
474655,20251224,2
474655,20251225,2
474655,20251226,2
465657,20260421,1
465657,20260101,1
465657,20260216,1
465657,20260311,1
465657,20260501,1
465657,20260624,1
465657,20260706,1
465657,20260815,1
465657,20261101,1
465657,20251224,1
465657,20251225,1
465657,20251226,1
471443,20260421,2
471443,20260101,2
471443,20260216,2
471443,20260311,2
471443,20260501,2
471443,20260624,2
471443,20260706,2
471443,20260815,2
471443,20261101,2
471443,20251224,2
471443,20251225,2
471443,20251226,2
465644,20260421,1
465644,20260101,1
465644,20260216,1
465644,20260311,1
465644,20260501,1
465644,20260624,1
465644,20260706,1
465644,20260815,1
465644,20261101,1
465644,20251224,1
465644,20251225,1
465644,20251226,1
465645,20260421,2
465645,20260101,2
465645,20260216,2
465645,20260311,2
465645,20260501,2
465645,20260624,2
465645,20260706,2
465645,20260815,2
465645,20261101,2
465645,20251224,2
465645,20251225,2
465645,20251226,2
474657,20260421,1
474657,20260101,1
474657,20260216,1
474657,20260311,1
474657,20260501,1
474657,20260624,1
474657,20260706,1
474657,20260815,1
474657,20261101,1
474657,20251224,1
474657,20251225,1
474657,20251226,1
471596,20260421,2
471596,20260101,2
471596,20260216,2
471596,20260311,2
471596,20260501,2
471596,20260624,2
471596,20260706,2
471596,20260815,2
471596,20261101,2
471596,20251224,2
471596,20251225,2
471596,20251226,2
472385,20260421,2
472385,20260101,2
472385,20260216,2
472385,20260311,2
472385,20260501,2
472385,20260624,2
472385,20260706,2
472385,20260815,2
472385,20261101,2
472385,20251224,2
472385,20251225,2
472385,20251226,2
465647,20260421,1
465647,20260101,1
465647,20260216,1
465647,20260311,1
465647,20260501,1
465647,20260624,1
465647,20260706,1
465647,20260815,1
465647,20261101,1
465647,20251224,1
465647,20251225,1
465647,20251226,1
474656,20260421,1
474656,20260101,1
474656,20260216,1
474656,20260311,1
474656,20260501,1
474656,20260624,1
474656,20260706,1
474656,20260815,1
474656,20261101,1
474656,20251224,1
474656,20251225,1
474656,20251226,1
465648,20260421,2
465648,20260101,2
465648,20260216,2
465648,20260311,2
465648,20260501,2
465648,20260624,2
465648,20260706,2
465648,20260815,2
465648,20261101,2
465648,20251224,2
465648,20251225,2
465648,20251226,2
465649,20260421,1
465649,20260101,1
465649,20260216,1
465649,20260311,1
465649,20260501,1
465649,20260624,1
465649,20260706,1
465649,20260815,1
465649,20261101,1
465649,20251224,1
465649,20251225,1
465649,20251226,1
472386,20260421,2
472386,20260101,2
472386,20260216,2
472386,20260311,2
472386,20260501,2
472386,20260624,2
472386,20260706,2
472386,20260815,2
472386,20261101,2
472386,20251224,2
472386,20251225,2
472386,20251226,2
465663,20260421,1
465663,20260101,1
465663,20260216,1
465663,20260311,1
465663,20260501,1
465663,20260624,1
465663,20260706,1
465663,20260815,1
465663,20261101,1
465663,20251224,1
465663,20251225,1
465663,20251226,1
471444,20260421,2
471444,20260101,2
471444,20260216,2
471444,20260311,2
471444,20260501,2
471444,20260624,2
471444,20260706,2
471444,20260815,2
471444,20261101,2
471444,20251224,2
471444,20251225,2
471444,20251226,2
465651,20260421,1
465651,20260101,1
465651,20260216,1
465651,20260311,1
465651,20260501,1
465651,20260624,1
465651,20260706,1
465651,20260815,1
465651,20261101,1
465651,20251224,1
465651,20251225,1
465651,20251226,1
475419,20260421,1
475419,20260101,1
475419,20260216,1
475419,20260311,1
475419,20260501,1
475419,20260624,1
475419,20260706,1
475419,20260815,1
475419,20261101,1
475419,20251224,1
475419,20251225,1
475419,20251226,1
475200,20260421,2
475200,20260101,2
475200,20260216,2
475200,20260311,2
475200,20260501,2
475200,20260624,2
475200,20260706,2
475200,20260815,2
475200,20261101,2
475200,20251224,2
475200,20251225,2
475200,20251226,2
470795,20260421,2
470795,20260101,2
470795,20260216,2
470795,20260311,2
470795,20260501,2
470795,20260624,2
470795,20260706,2
470795,20260815,2
470795,20261101,2
470795,20251224,2
470795,20251225,2
470795,20251226,2
470796,20260421,1
470796,20260101,1
470796,20260216,1
470796,20260311,1
470796,20260501,1
470796,20260624,1
470796,20260706,1
470796,20260815,1
470796,20261101,1
470796,20251224,1
470796,20251225,1
470796,20251226,1
465966,20260421,2
465966,20260101,2
465966,20260216,2
465966,20260311,2
465966,20260501,2
465966,20260624,2
465966,20260706,2
465966,20260815,2
465966,20261101,2
465966,20251224,2
465966,20251225,2
465966,20251226,2
465667,20260421,1
465667,20260101,1
465667,20260216,1
465667,20260311,1
465667,20260501,1
465667,20260624,1
465667,20260706,1
465667,20260815,1
465667,20261101,1
465667,20251224,1
465667,20251225,1
465667,20251226,1
471448,20260421,2
471448,20260101,2
471448,20260216,2
471448,20260311,2
471448,20260501,2
471448,20260624,2
471448,20260706,2
471448,20260815,2
471448,20261101,2
471448,20251224,2
471448,20251225,2
471448,20251226,2
465967,20260421,1
465967,20260101,1
465967,20260216,1
465967,20260311,1
465967,20260501,1
465967,20260624,1
465967,20260706,1
465967,20260815,1
465967,20261101,1
465967,20251224,1
465967,20251225,1
465967,20251226,1
465670,20260421,2
465670,20260101,2
465670,20260216,2
465670,20260311,2
465670,20260501,2
465670,20260624,2
465670,20260706,2
465670,20260815,2
465670,20261101,2
465670,20251224,2
465670,20251225,2
465670,20251226,2
465968,20260421,1
465968,20260101,1
465968,20260216,1
465968,20260311,1
465968,20260501,1
465968,20260624,1
465968,20260706,1
465968,20260815,1
465968,20261101,1
465968,20251224,1
465968,20251225,1
465968,20251226,1
465672,20260421,2
465672,20260101,2
465672,20260216,2
465672,20260311,2
465672,20260501,2
465672,20260624,2
465672,20260706,2
465672,20260815,2
465672,20261101,2
465672,20251224,2
465672,20251225,2
465672,20251226,2
465673,20260421,1
465673,20260101,1
465673,20260216,1
465673,20260311,1
465673,20260501,1
465673,20260624,1
465673,20260706,1
465673,20260815,1
465673,20261101,1
465673,20251224,1
465673,20251225,1
465673,20251226,1
471449,20260421,2
471449,20260101,2
471449,20260216,2
471449,20260311,2
471449,20260501,2
471449,20260624,2
471449,20260706,2
471449,20260815,2
471449,20261101,2
471449,20251224,2
471449,20251225,2
471449,20251226,2
465675,20260421,1
465675,20260101,1
465675,20260216,1
465675,20260311,1
465675,20260501,1
465675,20260624,1
465675,20260706,1
465675,20260815,1
465675,20261101,1
465675,20251224,1
465675,20251225,1
465675,20251226,1
471450,20260421,2
471450,20260101,2
471450,20260216,2
471450,20260311,2
471450,20260501,2
471450,20260624,2
471450,20260706,2
471450,20260815,2
471450,20261101,2
471450,20251224,2
471450,20251225,2
471450,20251226,2
473781,20260421,2
473781,20260101,2
473781,20260216,2
473781,20260311,2
473781,20260501,2
473781,20260624,2
473781,20260706,2
473781,20260815,2
473781,20261101,2
473781,20251224,2
473781,20251225,2
473781,20251226,2
473776,20260421,1
473776,20260101,1
473776,20260216,1
473776,20260311,1
473776,20260501,1
473776,20260624,1
473776,20260706,1
473776,20260815,1
473776,20261101,1
473776,20251224,1
473776,20251225,1
473776,20251226,1
465678,20260421,2
465678,20260101,2
465678,20260216,2
465678,20260311,2
465678,20260501,2
465678,20260624,2
465678,20260706,2
465678,20260815,2
465678,20261101,2
465678,20251224,2
465678,20251225,2
465678,20251226,2
465679,20260421,1
465679,20260101,1
465679,20260216,1
465679,20260311,1
465679,20260501,1
465679,20260624,1
465679,20260706,1
465679,20260815,1
465679,20261101,1
465679,20251224,1
465679,20251225,1
465679,20251226,1
473777,20260421,1
473777,20260101,1
473777,20260216,1
473777,20260311,1
473777,20260501,1
473777,20260624,1
473777,20260706,1
473777,20260815,1
473777,20261101,1
473777,20251224,1
473777,20251225,1
473777,20251226,1
471599,20260421,2
471599,20260101,2
471599,20260216,2
471599,20260311,2
471599,20260501,2
471599,20260624,2
471599,20260706,2
471599,20260815,2
471599,20261101,2
471599,20251224,2
471599,20251225,2
471599,20251226,2
465683,20260421,1
465683,20260101,1
465683,20260216,1
465683,20260311,1
465683,20260501,1
465683,20260624,1
465683,20260706,1
465683,20260815,1
465683,20261101,1
465683,20251224,1
465683,20251225,1
465683,20251226,1
470006,20260421,2
470006,20260101,2
470006,20260216,2
470006,20260311,2
470006,20260501,2
470006,20260624,2
470006,20260706,2
470006,20260815,2
470006,20261101,2
470006,20251224,2
470006,20251225,2
470006,20251226,2
470007,20260421,1
470007,20260101,1
470007,20260216,1
470007,20260311,1
470007,20260501,1
470007,20260624,1
470007,20260706,1
470007,20260815,1
470007,20261101,1
470007,20251224,1
470007,20251225,1
470007,20251226,1
471611,20260421,2
471611,20260101,2
471611,20260216,2
471611,20260311,2
471611,20260501,2
471611,20260624,2
471611,20260706,2
471611,20260815,2
471611,20261101,2
471611,20251224,2
471611,20251225,2
471611,20251226,2
465687,20260421,1
465687,20260101,1
465687,20260216,1
465687,20260311,1
465687,20260501,1
465687,20260624,1
465687,20260706,1
465687,20260815,1
465687,20261101,1
465687,20251224,1
465687,20251225,1
465687,20251226,1
473223,20260421,2
473223,20260101,2
473223,20260216,2
473223,20260311,2
473223,20260501,2
473223,20260624,2
473223,20260706,2
473223,20260815,2
473223,20261101,2
473223,20251224,2
473223,20251225,2
473223,20251226,2
465689,20260421,1
465689,20260101,1
465689,20260216,1
465689,20260311,1
465689,20260501,1
465689,20260624,1
465689,20260706,1
465689,20260815,1
465689,20261101,1
465689,20251224,1
465689,20251225,1
465689,20251226,1
473782,20260421,2
473782,20260101,2
473782,20260216,2
473782,20260311,2
473782,20260501,2
473782,20260624,2
473782,20260706,2
473782,20260815,2
473782,20261101,2
473782,20251224,2
473782,20251225,2
473782,20251226,2
471939,20260421,1
471939,20260101,1
471939,20260216,1
471939,20260311,1
471939,20260501,1
471939,20260624,1
471939,20260706,1
471939,20260815,1
471939,20261101,1
471939,20251224,1
471939,20251225,1
471939,20251226,1
465692,20260421,2
465692,20260101,2
465692,20260216,2
465692,20260311,2
465692,20260501,2
465692,20260624,2
465692,20260706,2
465692,20260815,2
465692,20261101,2
465692,20251224,2
465692,20251225,2
465692,20251226,2
465693,20260421,1
465693,20260101,1
465693,20260216,1
465693,20260311,1
465693,20260501,1
465693,20260624,1
465693,20260706,1
465693,20260815,1
465693,20261101,1
465693,20251224,1
465693,20251225,1
465693,20251226,1
465694,20260421,2
465694,20260101,2
465694,20260216,2
465694,20260311,2
465694,20260501,2
465694,20260624,2
465694,20260706,2
465694,20260815,2
465694,20261101,2
465694,20251224,2
465694,20251225,2
465694,20251226,2
465695,20260421,1
465695,20260101,1
465695,20260216,1
465695,20260311,1
465695,20260501,1
465695,20260624,1
465695,20260706,1
465695,20260815,1
465695,20261101,1
465695,20251224,1
465695,20251225,1
465695,20251226,1
471452,20260421,2
471452,20260101,2
471452,20260216,2
471452,20260311,2
471452,20260501,2
471452,20260624,2
471452,20260706,2
471452,20260815,2
471452,20261101,2
471452,20251224,2
471452,20251225,2
471452,20251226,2
465697,20260421,1
465697,20260101,1
465697,20260216,1
465697,20260311,1
465697,20260501,1
465697,20260624,1
465697,20260706,1
465697,20260815,1
465697,20261101,1
465697,20251224,1
465697,20251225,1
465697,20251226,1
465961,20260421,2
465961,20260101,2
465961,20260216,2
465961,20260311,2
465961,20260501,2
465961,20260624,2
465961,20260706,2
465961,20260815,2
465961,20261101,2
465961,20251224,2
465961,20251225,2
465961,20251226,2
465699,20260421,1
465699,20260101,1
465699,20260216,1
465699,20260311,1
465699,20260501,1
465699,20260624,1
465699,20260706,1
465699,20260815,1
465699,20261101,1
465699,20251224,1
465699,20251225,1
465699,20251226,1
473778,20260421,1
473778,20260101,1
473778,20260216,1
473778,20260311,1
473778,20260501,1
473778,20260624,1
473778,20260706,1
473778,20260815,1
473778,20261101,1
473778,20251224,1
473778,20251225,1
473778,20251226,1
465700,20260421,2
465700,20260101,2
465700,20260216,2
465700,20260311,2
465700,20260501,2
465700,20260624,2
465700,20260706,2
465700,20260815,2
465700,20261101,2
465700,20251224,2
465700,20251225,2
465700,20251226,2
471453,20260421,2
471453,20260101,2
471453,20260216,2
471453,20260311,2
471453,20260501,2
471453,20260624,2
471453,20260706,2
471453,20260815,2
471453,20261101,2
471453,20251224,2
471453,20251225,2
471453,20251226,2
465703,20260421,1
465703,20260101,1
465703,20260216,1
465703,20260311,1
465703,20260501,1
465703,20260624,1
465703,20260706,1
465703,20260815,1
465703,20261101,1
465703,20251224,1
465703,20251225,1
465703,20251226,1
473783,20260421,2
473783,20260101,2
473783,20260216,2
473783,20260311,2
473783,20260501,2
473783,20260624,2
473783,20260706,2
473783,20260815,2
473783,20261101,2
473783,20251224,2
473783,20251225,2
473783,20251226,2
473779,20260421,1
473779,20260101,1
473779,20260216,1
473779,20260311,1
473779,20260501,1
473779,20260624,1
473779,20260706,1
473779,20260815,1
473779,20261101,1
473779,20251224,1
473779,20251225,1
473779,20251226,1
473653,20260421,2
473653,20260101,2
473653,20260216,2
473653,20260311,2
473653,20260501,2
473653,20260624,2
473653,20260706,2
473653,20260815,2
473653,20261101,2
473653,20251224,2
473653,20251225,2
473653,20251226,2
465707,20260421,1
465707,20260101,1
465707,20260216,1
465707,20260311,1
465707,20260501,1
465707,20260624,1
465707,20260706,1
465707,20260815,1
465707,20261101,1
465707,20251224,1
465707,20251225,1
465707,20251226,1
475544,20260421,2
475544,20260101,2
475544,20260216,2
475544,20260311,2
475544,20260501,2
475544,20260624,2
475544,20260706,2
475544,20260815,2
475544,20261101,2
475544,20251224,2
475544,20251225,2
475544,20251226,2
475545,20260421,1
475545,20260101,1
475545,20260216,1
475545,20260311,1
475545,20260501,1
475545,20260624,1
475545,20260706,1
475545,20260815,1
475545,20261101,1
475545,20251224,1
475545,20251225,1
475545,20251226,1
471612,20260421,2
471612,20260101,2
471612,20260216,2
471612,20260311,2
471612,20260501,2
471612,20260624,2
471612,20260706,2
471612,20260815,2
471612,20261101,2
471612,20251224,2
471612,20251225,2
471612,20251226,2
465711,20260421,1
465711,20260101,1
465711,20260216,1
465711,20260311,1
465711,20260501,1
465711,20260624,1
465711,20260706,1
465711,20260815,1
465711,20261101,1
465711,20251224,1
465711,20251225,1
465711,20251226,1
475198,20260421,2
475198,20260101,2
475198,20260216,2
475198,20260311,2
475198,20260501,2
475198,20260624,2
475198,20260706,2
475198,20260815,2
475198,20261101,2
475198,20251224,2
475198,20251225,2
475198,20251226,2
475199,20260421,1
475199,20260101,1
475199,20260216,1
475199,20260311,1
475199,20260501,1
475199,20260624,1
475199,20260706,1
475199,20260815,1
475199,20261101,1
475199,20251224,1
475199,20251225,1
475199,20251226,1
471456,20260421,2
471456,20260101,2
471456,20260216,2
471456,20260311,2
471456,20260501,2
471456,20260624,2
471456,20260706,2
471456,20260815,2
471456,20261101,2
471456,20251224,2
471456,20251225,2
471456,20251226,2
471457,20260421,1
471457,20260101,1
471457,20260216,1
471457,20260311,1
471457,20260501,1
471457,20260624,1
471457,20260706,1
471457,20260815,1
471457,20261101,1
471457,20251224,1
471457,20251225,1
471457,20251226,1
465716,20260421,2
465716,20260101,2
465716,20260216,2
465716,20260311,2
465716,20260501,2
465716,20260624,2
465716,20260706,2
465716,20260815,2
465716,20261101,2
465716,20251224,2
465716,20251225,2
465716,20251226,2
465717,20260421,1
465717,20260101,1
465717,20260216,1
465717,20260311,1
465717,20260501,1
465717,20260624,1
465717,20260706,1
465717,20260815,1
465717,20261101,1
465717,20251224,1
465717,20251225,1
465717,20251226,1
471613,20260421,2
471613,20260101,2
471613,20260216,2
471613,20260311,2
471613,20260501,2
471613,20260624,2
471613,20260706,2
471613,20260815,2
471613,20261101,2
471613,20251224,2
471613,20251225,2
471613,20251226,2
465719,20260421,1
465719,20260101,1
465719,20260216,1
465719,20260311,1
465719,20260501,1
465719,20260624,1
465719,20260706,1
465719,20260815,1
465719,20261101,1
465719,20251224,1
465719,20251225,1
465719,20251226,1
473225,20260421,2
473225,20260101,2
473225,20260216,2
473225,20260311,2
473225,20260501,2
473225,20260624,2
473225,20260706,2
473225,20260815,2
473225,20261101,2
473225,20251224,2
473225,20251225,2
473225,20251226,2
465721,20260421,1
465721,20260101,1
465721,20260216,1
465721,20260311,1
465721,20260501,1
465721,20260624,1
465721,20260706,1
465721,20260815,1
465721,20261101,1
465721,20251224,1
465721,20251225,1
465721,20251226,1
465722,20260421,2
465722,20260101,2
465722,20260216,2
465722,20260311,2
465722,20260501,2
465722,20260624,2
465722,20260706,2
465722,20260815,2
465722,20261101,2
465722,20251224,2
465722,20251225,2
465722,20251226,2
465723,20260421,1
465723,20260101,1
465723,20260216,1
465723,20260311,1
465723,20260501,1
465723,20260624,1
465723,20260706,1
465723,20260815,1
465723,20261101,1
465723,20251224,1
465723,20251225,1
465723,20251226,1
473784,20260421,2
473784,20260101,2
473784,20260216,2
473784,20260311,2
473784,20260501,2
473784,20260624,2
473784,20260706,2
473784,20260815,2
473784,20261101,2
473784,20251224,2
473784,20251225,2
473784,20251226,2
465725,20260421,1
465725,20260101,1
465725,20260216,1
465725,20260311,1
465725,20260501,1
465725,20260624,1
465725,20260706,1
465725,20260815,1
465725,20261101,1
465725,20251224,1
465725,20251225,1
465725,20251226,1
470010,20260421,2
470010,20260101,2
470010,20260216,2
470010,20260311,2
470010,20260501,2
470010,20260624,2
470010,20260706,2
470010,20260815,2
470010,20261101,2
470010,20251224,2
470010,20251225,2
470010,20251226,2
470011,20260421,1
470011,20260101,1
470011,20260216,1
470011,20260311,1
470011,20260501,1
470011,20260624,1
470011,20260706,1
470011,20260815,1
470011,20261101,1
470011,20251224,1
470011,20251225,1
470011,20251226,1
475309,20260421,2
475309,20260101,2
475309,20260216,2
475309,20260311,2
475309,20260501,2
475309,20260624,2
475309,20260706,2
475309,20260815,2
475309,20261101,2
475309,20251224,2
475309,20251225,2
475309,20251226,2
475310,20260421,1
475310,20260101,1
475310,20260216,1
475310,20260311,1
475310,20260501,1
475310,20260624,1
475310,20260706,1
475310,20260815,1
475310,20261101,1
475310,20251224,1
475310,20251225,1
475310,20251226,1
473785,20260421,2
473785,20260101,2
473785,20260216,2
473785,20260311,2
473785,20260501,2
473785,20260624,2
473785,20260706,2
473785,20260815,2
473785,20261101,2
473785,20251224,2
473785,20251225,2
473785,20251226,2
465731,20260421,1
465731,20260101,1
465731,20260216,1
465731,20260311,1
465731,20260501,1
465731,20260624,1
465731,20260706,1
465731,20260815,1
465731,20261101,1
465731,20251224,1
465731,20251225,1
465731,20251226,1
471461,20260421,2
471461,20260101,2
471461,20260216,2
471461,20260311,2
471461,20260501,2
471461,20260624,2
471461,20260706,2
471461,20260815,2
471461,20261101,2
471461,20251224,2
471461,20251225,2
471461,20251226,2
465733,20260421,1
465733,20260101,1
465733,20260216,1
465733,20260311,1
465733,20260501,1
465733,20260624,1
465733,20260706,1
465733,20260815,1
465733,20261101,1
465733,20251224,1
465733,20251225,1
465733,20251226,1
471603,20260421,2
471603,20260101,2
471603,20260216,2
471603,20260311,2
471603,20260501,2
471603,20260624,2
471603,20260706,2
471603,20260815,2
471603,20261101,2
471603,20251224,2
471603,20251225,2
471603,20251226,2
465735,20260421,1
465735,20260101,1
465735,20260216,1
465735,20260311,1
465735,20260501,1
465735,20260624,1
465735,20260706,1
465735,20260815,1
465735,20261101,1
465735,20251224,1
465735,20251225,1
465735,20251226,1
465736,20260421,2
465736,20260101,2
465736,20260216,2
465736,20260311,2
465736,20260501,2
465736,20260624,2
465736,20260706,2
465736,20260815,2
465736,20261101,2
465736,20251224,2
465736,20251225,2
465736,20251226,2
465737,20260421,1
465737,20260101,1
465737,20260216,1
465737,20260311,1
465737,20260501,1
465737,20260624,1
465737,20260706,1
465737,20260815,1
465737,20261101,1
465737,20251224,1
465737,20251225,1
465737,20251226,1
465738,20260421,2
465738,20260101,2
465738,20260216,2
465738,20260311,2
465738,20260501,2
465738,20260624,2
465738,20260706,2
465738,20260815,2
465738,20261101,2
465738,20251224,2
465738,20251225,2
465738,20251226,2
465739,20260421,1
465739,20260101,1
465739,20260216,1
465739,20260311,1
465739,20260501,1
465739,20260624,1
465739,20260706,1
465739,20260815,1
465739,20261101,1
465739,20251224,1
465739,20251225,1
465739,20251226,1
473090,20260421,1
473090,20260101,1
473090,20260216,1
473090,20260311,1
473090,20260501,1
473090,20260624,1
473090,20260706,1
473090,20260815,1
473090,20261101,1
473090,20251224,1
473090,20251225,1
473090,20251226,1
472393,20260421,2
472393,20260101,2
472393,20260216,2
472393,20260311,2
472393,20260501,2
472393,20260624,2
472393,20260706,2
472393,20260815,2
472393,20261101,2
472393,20251224,2
472393,20251225,2
472393,20251226,2
465742,20260421,2
465742,20260101,2
465742,20260216,2
465742,20260311,2
465742,20260501,2
465742,20260624,2
465742,20260706,2
465742,20260815,2
465742,20261101,2
465742,20251224,2
465742,20251225,2
465742,20251226,2
465743,20260421,1
465743,20260101,1
465743,20260216,1
465743,20260311,1
465743,20260501,1
465743,20260624,1
465743,20260706,1
465743,20260815,1
465743,20261101,1
465743,20251224,1
465743,20251225,1
465743,20251226,1
470797,20260421,2
470797,20260101,2
470797,20260216,2
470797,20260311,2
470797,20260501,2
470797,20260624,2
470797,20260706,2
470797,20260815,2
470797,20261101,2
470797,20251224,2
470797,20251225,2
470797,20251226,2
465745,20260421,1
465745,20260101,1
465745,20260216,1
465745,20260311,1
465745,20260501,1
465745,20260624,1
465745,20260706,1
465745,20260815,1
465745,20261101,1
465745,20251224,1
465745,20251225,1
465745,20251226,1
473080,20260421,2
473080,20260101,2
473080,20260216,2
473080,20260311,2
473080,20260501,2
473080,20260624,2
473080,20260706,2
473080,20260815,2
473080,20261101,2
473080,20251224,2
473080,20251225,2
473080,20251226,2
473216,20260421,1
473216,20260101,1
473216,20260216,1
473216,20260311,1
473216,20260501,1
473216,20260624,1
473216,20260706,1
473216,20260815,1
473216,20261101,1
473216,20251224,1
473216,20251225,1
473216,20251226,1
471597,20260421,2
471597,20260101,2
471597,20260216,2
471597,20260311,2
471597,20260501,2
471597,20260624,2
471597,20260706,2
471597,20260815,2
471597,20261101,2
471597,20251224,2
471597,20251225,2
471597,20251226,2
471598,20260421,1
471598,20260101,1
471598,20260216,1
471598,20260311,1
471598,20260501,1
471598,20260624,1
471598,20260706,1
471598,20260815,1
471598,20261101,1
471598,20251224,1
471598,20251225,1
471598,20251226,1
475546,20260421,2
475546,20260101,2
475546,20260216,2
475546,20260311,2
475546,20260501,2
475546,20260624,2
475546,20260706,2
475546,20260815,2
475546,20261101,2
475546,20251224,2
475546,20251225,2
475546,20251226,2
475547,20260421,1
475547,20260101,1
475547,20260216,1
475547,20260311,1
475547,20260501,1
475547,20260624,1
475547,20260706,1
475547,20260815,1
475547,20261101,1
475547,20251224,1
475547,20251225,1
475547,20251226,1
471604,20260421,2
471604,20260101,2
471604,20260216,2
471604,20260311,2
471604,20260501,2
471604,20260624,2
471604,20260706,2
471604,20260815,2
471604,20261101,2
471604,20251224,2
471604,20251225,2
471604,20251226,2
465753,20260421,1
465753,20260101,1
465753,20260216,1
465753,20260311,1
465753,20260501,1
465753,20260624,1
465753,20260706,1
465753,20260815,1
465753,20261101,1
465753,20251224,1
465753,20251225,1
465753,20251226,1
471464,20260421,2
471464,20260101,2
471464,20260216,2
471464,20260311,2
471464,20260501,2
471464,20260624,2
471464,20260706,2
471464,20260815,2
471464,20261101,2
471464,20251224,2
471464,20251225,2
471464,20251226,2
465755,20260421,1
465755,20260101,1
465755,20260216,1
465755,20260311,1
465755,20260501,1
465755,20260624,1
465755,20260706,1
465755,20260815,1
465755,20261101,1
465755,20251224,1
465755,20251225,1
465755,20251226,1
473786,20260421,2
473786,20260101,2
473786,20260216,2
473786,20260311,2
473786,20260501,2
473786,20260624,2
473786,20260706,2
473786,20260815,2
473786,20261101,2
473786,20251224,2
473786,20251225,2
473786,20251226,2
467441,20260421,1
467441,20260101,1
467441,20260216,1
467441,20260311,1
467441,20260501,1
467441,20260624,1
467441,20260706,1
467441,20260815,1
467441,20261101,1
467441,20251224,1
467441,20251225,1
467441,20251226,1
475201,20260421,2
475201,20260101,2
475201,20260216,2
475201,20260311,2
475201,20260501,2
475201,20260624,2
475201,20260706,2
475201,20260815,2
475201,20261101,2
475201,20251224,2
475201,20251225,2
475201,20251226,2
465759,20260421,1
465759,20260101,1
465759,20260216,1
465759,20260311,1
465759,20260501,1
465759,20260624,1
465759,20260706,1
465759,20260815,1
465759,20261101,1
465759,20251224,1
465759,20251225,1
465759,20251226,1
475202,20260421,2
475202,20260101,2
475202,20260216,2
475202,20260311,2
475202,20260501,2
475202,20260624,2
475202,20260706,2
475202,20260815,2
475202,20261101,2
475202,20251224,2
475202,20251225,2
475202,20251226,2
465760,20260421,2
465760,20260101,2
465760,20260216,2
465760,20260311,2
465760,20260501,2
465760,20260624,2
465760,20260706,2
465760,20260815,2
465760,20261101,2
465760,20251224,2
465760,20251225,2
465760,20251226,2
465761,20260421,1
465761,20260101,1
465761,20260216,1
465761,20260311,1
465761,20260501,1
465761,20260624,1
465761,20260706,1
465761,20260815,1
465761,20261101,1
465761,20251224,1
465761,20251225,1
465761,20251226,1
473787,20260421,2
473787,20260101,2
473787,20260216,2
473787,20260311,2
473787,20260501,2
473787,20260624,2
473787,20260706,2
473787,20260815,2
473787,20261101,2
473787,20251224,2
473787,20251225,2
473787,20251226,2
473780,20260421,1
473780,20260101,1
473780,20260216,1
473780,20260311,1
473780,20260501,1
473780,20260624,1
473780,20260706,1
473780,20260815,1
473780,20261101,1
473780,20251224,1
473780,20251225,1
473780,20251226,1
465764,20260421,2
465764,20260101,2
465764,20260216,2
465764,20260311,2
465764,20260501,2
465764,20260624,2
465764,20260706,2
465764,20260815,2
465764,20261101,2
465764,20251224,2
465764,20251225,2
465764,20251226,2
465765,20260421,1
465765,20260101,1
465765,20260216,1
465765,20260311,1
465765,20260501,1
465765,20260624,1
465765,20260706,1
465765,20260815,1
465765,20261101,1
465765,20251224,1
465765,20251225,1
465765,20251226,1
473089,20260421,1
473089,20260101,1
473089,20260216,1
473089,20260311,1
473089,20260501,1
473089,20260624,1
473089,20260706,1
473089,20260815,1
473089,20261101,1
473089,20251224,1
473089,20251225,1
473089,20251226,1
473101,20260421,2
473101,20260101,2
473101,20260216,2
473101,20260311,2
473101,20260501,2
473101,20260624,2
473101,20260706,2
473101,20260815,2
473101,20261101,2
473101,20251224,2
473101,20251225,2
473101,20251226,2
465768,20260421,2
465768,20260101,2
465768,20260216,2
465768,20260311,2
465768,20260501,2
465768,20260624,2
465768,20260706,2
465768,20260815,2
465768,20261101,2
465768,20251224,2
465768,20251225,2
465768,20251226,2
471466,20260421,2
471466,20260101,2
471466,20260216,2
471466,20260311,2
471466,20260501,2
471466,20260624,2
471466,20260706,2
471466,20260815,2
471466,20261101,2
471466,20251224,2
471466,20251225,2
471466,20251226,2
465770,20260421,1
465770,20260101,1
465770,20260216,1
465770,20260311,1
465770,20260501,1
465770,20260624,1
465770,20260706,1
465770,20260815,1
465770,20261101,1
465770,20251224,1
465770,20251225,1
465770,20251226,1
474013,20260421,2
474013,20260101,2
474013,20260216,2
474013,20260311,2
474013,20260501,2
474013,20260624,2
474013,20260706,2
474013,20260815,2
474013,20261101,2
474013,20251224,2
474013,20251225,2
474013,20251226,2
465772,20260421,1
465772,20260101,1
465772,20260216,1
465772,20260311,1
465772,20260501,1
465772,20260624,1
465772,20260706,1
465772,20260815,1
465772,20261101,1
465772,20251224,1
465772,20251225,1
465772,20251226,1
469131,20260421,2
469131,20260101,2
469131,20260216,2
469131,20260311,2
469131,20260501,2
469131,20260624,2
469131,20260706,2
469131,20260815,2
469131,20261101,2
469131,20251224,2
469131,20251225,2
469131,20251226,2
465774,20260421,1
465774,20260101,1
465774,20260216,1
465774,20260311,1
465774,20260501,1
465774,20260624,1
465774,20260706,1
465774,20260815,1
465774,20261101,1
465774,20251224,1
465774,20251225,1
465774,20251226,1
465775,20260421,2
465775,20260101,2
465775,20260216,2
465775,20260311,2
465775,20260501,2
465775,20260624,2
465775,20260706,2
465775,20260815,2
465775,20261101,2
465775,20251224,2
465775,20251225,2
465775,20251226,2
465776,20260421,1
465776,20260101,1
465776,20260216,1
465776,20260311,1
465776,20260501,1
465776,20260624,1
465776,20260706,1
465776,20260815,1
465776,20261101,1
465776,20251224,1
465776,20251225,1
465776,20251226,1
465777,20260421,2
465777,20260101,2
465777,20260216,2
465777,20260311,2
465777,20260501,2
465777,20260624,2
465777,20260706,2
465777,20260815,2
465777,20261101,2
465777,20251224,2
465777,20251225,2
465777,20251226,2
465778,20260421,1
465778,20260101,1
465778,20260216,1
465778,20260311,1
465778,20260501,1
465778,20260624,1
465778,20260706,1
465778,20260815,1
465778,20261101,1
465778,20251224,1
465778,20251225,1
465778,20251226,1
465779,20260421,2
465779,20260101,2
465779,20260216,2
465779,20260311,2
465779,20260501,2
465779,20260624,2
465779,20260706,2
465779,20260815,2
465779,20261101,2
465779,20251224,2
465779,20251225,2
465779,20251226,2
473546,20260421,2
473546,20260101,2
473546,20260216,2
473546,20260311,2
473546,20260501,2
473546,20260624,2
473546,20260706,2
473546,20260815,2
473546,20261101,2
473546,20251224,2
473546,20251225,2
473546,20251226,2
465781,20260421,1
465781,20260101,1
465781,20260216,1
465781,20260311,1
465781,20260501,1
465781,20260624,1
465781,20260706,1
465781,20260815,1
465781,20261101,1
465781,20251224,1
465781,20251225,1
465781,20251226,1
475548,20260421,2
475548,20260101,2
475548,20260216,2
475548,20260311,2
475548,20260501,2
475548,20260624,2
475548,20260706,2
475548,20260815,2
475548,20261101,2
475548,20251224,2
475548,20251225,2
475548,20251226,2
475549,20260421,1
475549,20260101,1
475549,20260216,1
475549,20260311,1
475549,20260501,1
475549,20260624,1
475549,20260706,1
475549,20260815,1
475549,20261101,1
475549,20251224,1
475549,20251225,1
475549,20251226,1
466418,20260421,2
466418,20260101,2
466418,20260216,2
466418,20260311,2
466418,20260501,2
466418,20260624,2
466418,20260706,2
466418,20260815,2
466418,20261101,2
466418,20251224,2
466418,20251225,2
466418,20251226,2
465785,20260421,1
465785,20260101,1
465785,20260216,1
465785,20260311,1
465785,20260501,1
465785,20260624,1
465785,20260706,1
465785,20260815,1
465785,20261101,1
465785,20251224,1
465785,20251225,1
465785,20251226,1
465786,20260421,2
465786,20260101,2
465786,20260216,2
465786,20260311,2
465786,20260501,2
465786,20260624,2
465786,20260706,2
465786,20260815,2
465786,20261101,2
465786,20251224,2
465786,20251225,2
465786,20251226,2
465787,20260421,1
465787,20260101,1
465787,20260216,1
465787,20260311,1
465787,20260501,1
465787,20260624,1
465787,20260706,1
465787,20260815,1
465787,20261101,1
465787,20251224,1
465787,20251225,1
465787,20251226,1
471467,20260421,2
471467,20260101,2
471467,20260216,2
471467,20260311,2
471467,20260501,2
471467,20260624,2
471467,20260706,2
471467,20260815,2
471467,20261101,2
471467,20251224,2
471467,20251225,2
471467,20251226,2
465789,20260421,1
465789,20260101,1
465789,20260216,1
465789,20260311,1
465789,20260501,1
465789,20260624,1
465789,20260706,1
465789,20260815,1
465789,20261101,1
465789,20251224,1
465789,20251225,1
465789,20251226,1
472945,20260421,2
472945,20260101,2
472945,20260216,2
472945,20260311,2
472945,20260501,2
472945,20260624,2
472945,20260706,2
472945,20260815,2
472945,20261101,2
472945,20251224,2
472945,20251225,2
472945,20251226,2
472946,20260421,1
472946,20260101,1
472946,20260216,1
472946,20260311,1
472946,20260501,1
472946,20260624,1
472946,20260706,1
472946,20260815,1
472946,20261101,1
472946,20251224,1
472946,20251225,1
472946,20251226,1
471606,20260421,2
471606,20260101,2
471606,20260216,2
471606,20260311,2
471606,20260501,2
471606,20260624,2
471606,20260706,2
471606,20260815,2
471606,20261101,2
471606,20251224,2
471606,20251225,2
471606,20251226,2
465793,20260421,1
465793,20260101,1
465793,20260216,1
465793,20260311,1
465793,20260501,1
465793,20260624,1
465793,20260706,1
465793,20260815,1
465793,20261101,1
465793,20251224,1
465793,20251225,1
465793,20251226,1
475418,20260421,1
475418,20260101,1
475418,20260216,1
475418,20260311,1
475418,20260501,1
475418,20260624,1
475418,20260706,1
475418,20260815,1
475418,20261101,1
475418,20251224,1
475418,20251225,1
475418,20251226,1
473788,20260421,2
473788,20260101,2
473788,20260216,2
473788,20260311,2
473788,20260501,2
473788,20260624,2
473788,20260706,2
473788,20260815,2
473788,20261101,2
473788,20251224,2
473788,20251225,2
473788,20251226,2
465797,20260421,1
465797,20260101,1
465797,20260216,1
465797,20260311,1
465797,20260501,1
465797,20260624,1
465797,20260706,1
465797,20260815,1
465797,20261101,1
465797,20251224,1
465797,20251225,1
465797,20251226,1
465798,20260421,2
465798,20260101,2
465798,20260216,2
465798,20260311,2
465798,20260501,2
465798,20260624,2
465798,20260706,2
465798,20260815,2
465798,20261101,2
465798,20251224,2
465798,20251225,2
465798,20251226,2
465799,20260421,1
465799,20260101,1
465799,20260216,1
465799,20260311,1
465799,20260501,1
465799,20260624,1
465799,20260706,1
465799,20260815,1
465799,20261101,1
465799,20251224,1
465799,20251225,1
465799,20251226,1
473789,20260421,2
473789,20260101,2
473789,20260216,2
473789,20260311,2
473789,20260501,2
473789,20260624,2
473789,20260706,2
473789,20260815,2
473789,20261101,2
473789,20251224,2
473789,20251225,2
473789,20251226,2
465801,20260421,1
465801,20260101,1
465801,20260216,1
465801,20260311,1
465801,20260501,1
465801,20260624,1
465801,20260706,1
465801,20260815,1
465801,20261101,1
465801,20251224,1
465801,20251225,1
465801,20251226,1
465802,20260421,2
465802,20260101,2
465802,20260216,2
465802,20260311,2
465802,20260501,2
465802,20260624,2
465802,20260706,2
465802,20260815,2
465802,20261101,2
465802,20251224,2
465802,20251225,2
465802,20251226,2
465803,20260421,1
465803,20260101,1
465803,20260216,1
465803,20260311,1
465803,20260501,1
465803,20260624,1
465803,20260706,1
465803,20260815,1
465803,20261101,1
465803,20251224,1
465803,20251225,1
465803,20251226,1
474658,20260421,2
474658,20260101,2
474658,20260216,2
474658,20260311,2
474658,20260501,2
474658,20260624,2
474658,20260706,2
474658,20260815,2
474658,20261101,2
474658,20251224,2
474658,20251225,2
474658,20251226,2
472728,20260421,1
472728,20260101,1
472728,20260216,1
472728,20260311,1
472728,20260501,1
472728,20260624,1
472728,20260706,1
472728,20260815,1
472728,20261101,1
472728,20251224,1
472728,20251225,1
472728,20251226,1
470794,20260421,2
470794,20260101,2
470794,20260216,2
470794,20260311,2
470794,20260501,2
470794,20260624,2
470794,20260706,2
470794,20260815,2
470794,20261101,2
470794,20251224,2
470794,20251225,2
470794,20251226,2
465807,20260421,1
465807,20260101,1
465807,20260216,1
465807,20260311,1
465807,20260501,1
465807,20260624,1
465807,20260706,1
465807,20260815,1
465807,20261101,1
465807,20251224,1
465807,20251225,1
465807,20251226,1
465808,20260421,2
465808,20260101,2
465808,20260216,2
465808,20260311,2
465808,20260501,2
465808,20260624,2
465808,20260706,2
465808,20260815,2
465808,20261101,2
465808,20251224,2
465808,20251225,2
465808,20251226,2
465809,20260421,1
465809,20260101,1
465809,20260216,1
465809,20260311,1
465809,20260501,1
465809,20260624,1
465809,20260706,1
465809,20260815,1
465809,20261101,1
465809,20251224,1
465809,20251225,1
465809,20251226,1
465810,20260421,2
465810,20260101,2
465810,20260216,2
465810,20260311,2
465810,20260501,2
465810,20260624,2
465810,20260706,2
465810,20260815,2
465810,20261101,2
465810,20251224,2
465810,20251225,2
465810,20251226,2
465964,20260421,1
465964,20260101,1
465964,20260216,1
465964,20260311,1
465964,20260501,1
465964,20260624,1
465964,20260706,1
465964,20260815,1
465964,20261101,1
465964,20251224,1
465964,20251225,1
465964,20251226,1
465812,20260421,2
465812,20260101,2
465812,20260216,2
465812,20260311,2
465812,20260501,2
465812,20260624,2
465812,20260706,2
465812,20260815,2
465812,20261101,2
465812,20251224,2
465812,20251225,2
465812,20251226,2
465813,20260421,1
465813,20260101,1
465813,20260216,1
465813,20260311,1
465813,20260501,1
465813,20260624,1
465813,20260706,1
465813,20260815,1
465813,20261101,1
465813,20251224,1
465813,20251225,1
465813,20251226,1
465814,20260421,2
465814,20260101,2
465814,20260216,2
465814,20260311,2
465814,20260501,2
465814,20260624,2
465814,20260706,2
465814,20260815,2
465814,20261101,2
465814,20251224,2
465814,20251225,2
465814,20251226,2
465815,20260421,1
465815,20260101,1
465815,20260216,1
465815,20260311,1
465815,20260501,1
465815,20260624,1
465815,20260706,1
465815,20260815,1
465815,20261101,1
465815,20251224,1
465815,20251225,1
465815,20251226,1
471593,20260421,2
471593,20260101,2
471593,20260216,2
471593,20260311,2
471593,20260501,2
471593,20260624,2
471593,20260706,2
471593,20260815,2
471593,20261101,2
471593,20251224,2
471593,20251225,2
471593,20251226,2
465965,20260421,1
465965,20260101,1
465965,20260216,1
465965,20260311,1
465965,20260501,1
465965,20260624,1
465965,20260706,1
465965,20260815,1
465965,20261101,1
465965,20251224,1
465965,20251225,1
465965,20251226,1
465825,20260421,2
465825,20260101,2
465825,20260216,2
465825,20260311,2
465825,20260501,2
465825,20260624,2
465825,20260706,2
465825,20260815,2
465825,20261101,2
465825,20251224,2
465825,20251225,2
465825,20251226,2
465826,20260421,1
465826,20260101,1
465826,20260216,1
465826,20260311,1
465826,20260501,1
465826,20260624,1
465826,20260706,1
465826,20260815,1
465826,20261101,1
465826,20251224,1
465826,20251225,1
465826,20251226,1
473899,20260421,2
473899,20260101,2
473899,20260216,2
473899,20260311,2
473899,20260501,2
473899,20260624,2
473899,20260706,2
473899,20260815,2
473899,20261101,2
473899,20251224,2
473899,20251225,2
473899,20251226,2
465828,20260421,1
465828,20260101,1
465828,20260216,1
465828,20260311,1
465828,20260501,1
465828,20260624,1
465828,20260706,1
465828,20260815,1
465828,20261101,1
465828,20251224,1
465828,20251225,1
465828,20251226,1
465829,20260421,2
465829,20260101,2
465829,20260216,2
465829,20260311,2
465829,20260501,2
465829,20260624,2
465829,20260706,2
465829,20260815,2
465829,20261101,2
465829,20251224,2
465829,20251225,2
465829,20251226,2
467456,20260421,1
467456,20260101,1
467456,20260216,1
467456,20260311,1
467456,20260501,1
467456,20260624,1
467456,20260706,1
467456,20260815,1
467456,20261101,1
467456,20251224,1
467456,20251225,1
467456,20251226,1
465831,20260421,2
465831,20260101,2
465831,20260216,2
465831,20260311,2
465831,20260501,2
465831,20260624,2
465831,20260706,2
465831,20260815,2
465831,20261101,2
465831,20251224,2
465831,20251225,2
465831,20251226,2
469129,20260421,1
469129,20260101,1
469129,20260216,1
469129,20260311,1
469129,20260501,1
469129,20260624,1
469129,20260706,1
469129,20260815,1
469129,20261101,1
469129,20251224,1
469129,20251225,1
469129,20251226,1
465847,20260421,2
465847,20260101,2
465847,20260216,2
465847,20260311,2
465847,20260501,2
465847,20260624,2
465847,20260706,2
465847,20260815,2
465847,20261101,2
465847,20251224,2
465847,20251225,2
465847,20251226,2
468472,20260421,2
468472,20260101,2
468472,20260216,2
468472,20260311,2
468472,20260501,2
468472,20260624,2
468472,20260706,2
468472,20260815,2
468472,20261101,2
468472,20251224,2
468472,20251225,2
468472,20251226,2
465834,20260421,1
465834,20260101,1
465834,20260216,1
465834,20260311,1
465834,20260501,1
465834,20260624,1
465834,20260706,1
465834,20260815,1
465834,20261101,1
465834,20251224,1
465834,20251225,1
465834,20251226,1
468473,20260421,2
468473,20260101,2
468473,20260216,2
468473,20260311,2
468473,20260501,2
468473,20260624,2
468473,20260706,2
468473,20260815,2
468473,20261101,2
468473,20251224,2
468473,20251225,2
468473,20251226,2
465836,20260421,1
465836,20260101,1
465836,20260216,1
465836,20260311,1
465836,20260501,1
465836,20260624,1
465836,20260706,1
465836,20260815,1
465836,20261101,1
465836,20251224,1
465836,20251225,1
465836,20251226,1
465837,20260421,2
465837,20260101,2
465837,20260216,2
465837,20260311,2
465837,20260501,2
465837,20260624,2
465837,20260706,2
465837,20260815,2
465837,20261101,2
465837,20251224,2
465837,20251225,2
465837,20251226,2
465838,20260421,1
465838,20260101,1
465838,20260216,1
465838,20260311,1
465838,20260501,1
465838,20260624,1
465838,20260706,1
465838,20260815,1
465838,20261101,1
465838,20251224,1
465838,20251225,1
465838,20251226,1
473896,20260421,2
473896,20260101,2
473896,20260216,2
473896,20260311,2
473896,20260501,2
473896,20260624,2
473896,20260706,2
473896,20260815,2
473896,20261101,2
473896,20251224,2
473896,20251225,2
473896,20251226,2
473897,20260421,1
473897,20260101,1
473897,20260216,1
473897,20260311,1
473897,20260501,1
473897,20260624,1
473897,20260706,1
473897,20260815,1
473897,20261101,1
473897,20251224,1
473897,20251225,1
473897,20251226,1
468474,20260421,2
468474,20260101,2
468474,20260216,2
468474,20260311,2
468474,20260501,2
468474,20260624,2
468474,20260706,2
468474,20260815,2
468474,20261101,2
468474,20251224,2
468474,20251225,2
468474,20251226,2
467455,20260421,1
467455,20260101,1
467455,20260216,1
467455,20260311,1
467455,20260501,1
467455,20260624,1
467455,20260706,1
467455,20260815,1
467455,20261101,1
467455,20251224,1
467455,20251225,1
467455,20251226,1
468245,20260421,2
468245,20260101,2
468245,20260216,2
468245,20260311,2
468245,20260501,2
468245,20260624,2
468245,20260706,2
468245,20260815,2
468245,20261101,2
468245,20251224,2
468245,20251225,2
468245,20251226,2
473898,20260421,2
473898,20260101,2
473898,20260216,2
473898,20260311,2
473898,20260501,2
473898,20260624,2
473898,20260706,2
473898,20260815,2
473898,20261101,2
473898,20251224,2
473898,20251225,2
473898,20251226,2
465844,20260421,1
465844,20260101,1
465844,20260216,1
465844,20260311,1
465844,20260501,1
465844,20260624,1
465844,20260706,1
465844,20260815,1
465844,20261101,1
465844,20251224,1
465844,20251225,1
465844,20251226,1
468476,20260421,2
468476,20260101,2
468476,20260216,2
468476,20260311,2
468476,20260501,2
468476,20260624,2
468476,20260706,2
468476,20260815,2
468476,20261101,2
468476,20251224,2
468476,20251225,2
468476,20251226,2
465846,20260421,1
465846,20260101,1
465846,20260216,1
465846,20260311,1
465846,20260501,1
465846,20260624,1
465846,20260706,1
465846,20260815,1
465846,20261101,1
465846,20251224,1
465846,20251225,1
465846,20251226,1
465848,20260421,1
465848,20260101,1
465848,20260216,1
465848,20260311,1
465848,20260501,1
465848,20260624,1
465848,20260706,1
465848,20260815,1
465848,20261101,1
465848,20251224,1
465848,20251225,1
465848,20251226,1
465849,20260421,2
465849,20260101,2
465849,20260216,2
465849,20260311,2
465849,20260501,2
465849,20260624,2
465849,20260706,2
465849,20260815,2
465849,20261101,2
465849,20251224,2
465849,20251225,2
465849,20251226,2
465850,20260421,1
465850,20260101,1
465850,20260216,1
465850,20260311,1
465850,20260501,1
465850,20260624,1
465850,20260706,1
465850,20260815,1
465850,20261101,1
465850,20251224,1
465850,20251225,1
465850,20251226,1
465851,20260421,2
465851,20260101,2
465851,20260216,2
465851,20260311,2
465851,20260501,2
465851,20260624,2
465851,20260706,2
465851,20260815,2
465851,20261101,2
465851,20251224,2
465851,20251225,2
465851,20251226,2
465852,20260421,1
465852,20260101,1
465852,20260216,1
465852,20260311,1
465852,20260501,1
465852,20260624,1
465852,20260706,1
465852,20260815,1
465852,20261101,1
465852,20251224,1
465852,20251225,1
465852,20251226,1
465853,20260421,2
465853,20260101,2
465853,20260216,2
465853,20260311,2
465853,20260501,2
465853,20260624,2
465853,20260706,2
465853,20260815,2
465853,20261101,2
465853,20251224,2
465853,20251225,2
465853,20251226,2