service_id,date,exception_type
220610,20251126,2
218833,20260401,2
218833,20260101,2
218833,20260216,2
218833,20260311,2
218833,20260501,2
218833,20260624,2
218833,20260706,2
218833,20260815,2
218833,20261101,2
218833,20251224,2
218833,20251225,2
218833,20251226,2
211304,20260401,1
211304,20260101,1
211304,20260216,1
211304,20260311,1
211304,20260501,1
211304,20260624,1
211304,20260706,1
211304,20260815,1
211304,20261101,1
211304,20251224,1
211304,20251225,1
211304,20251226,1
219935,20260401,2
219935,20260101,2
219935,20260216,2
219935,20260311,2
219935,20260501,2
219935,20260624,2
219935,20260706,2
219935,20260815,2
219935,20261101,2
219935,20251224,2
219935,20251225,2
219935,20251226,2
219232,20260401,1
219232,20260101,1
219232,20260216,1
219232,20260311,1
219232,20260501,1
219232,20260624,1
219232,20260706,1
219232,20260815,1
219232,20261101,1
219232,20251224,1
219232,20251225,1
219232,20251226,1
218835,20260401,2
218835,20260101,2
218835,20260216,2
218835,20260311,2
218835,20260501,2
218835,20260624,2
218835,20260706,2
218835,20260815,2
218835,20261101,2
218835,20251224,2
218835,20251225,2
218835,20251226,2
215955,20260401,1
215955,20260101,1
215955,20260216,1
215955,20260311,1
215955,20260501,1
215955,20260624,1
215955,20260706,1
215955,20260815,1
215955,20261101,1
215955,20251224,1
215955,20251225,1
215955,20251226,1
223762,20260401,2
223762,20260101,2
223762,20260216,2
223762,20260311,2
223762,20260501,2
223762,20260624,2
223762,20260706,2
223762,20260815,2
223762,20261101,2
223762,20251224,2
223762,20251225,2
223762,20251226,2
219928,20260401,2
219928,20260101,2
219928,20260216,2
219928,20260311,2
219928,20260501,2
219928,20260624,2
219928,20260706,2
219928,20260815,2
219928,20261101,2
219928,20251224,2
219928,20251225,2
219928,20251226,2
211310,20260401,1
211310,20260101,1
211310,20260216,1
211310,20260311,1
211310,20260501,1
211310,20260624,1
211310,20260706,1
211310,20260815,1
211310,20261101,1
211310,20251224,1
211310,20251225,1
211310,20251226,1
220357,20260401,2
220357,20260101,2
220357,20260216,2
220357,20260311,2
220357,20260501,2
220357,20260624,2
220357,20260706,2
220357,20260815,2
220357,20261101,2
220357,20251224,2
220357,20251225,2
220357,20251226,2
220360,20260401,2
220360,20260101,2
220360,20260216,2
220360,20260311,2
220360,20260501,2
220360,20260624,2
220360,20260706,2
220360,20260815,2
220360,20261101,2
220360,20251224,2
220360,20251225,2
220360,20251226,2
220007,20260401,1
220007,20260101,1
220007,20260216,1
220007,20260311,1
220007,20260501,1
220007,20260624,1
220007,20260706,1
220007,20260815,1
220007,20261101,1
220007,20251224,1
220007,20251225,1
220007,20251226,1
219104,20260401,2
219104,20260101,2
219104,20260216,2
219104,20260311,2
219104,20260501,2
219104,20260624,2
219104,20260706,2
219104,20260815,2
219104,20261101,2
219104,20251224,2
219104,20251225,2
219104,20251226,2
219103,20260401,2
219103,20260101,2
219103,20260216,2
219103,20260311,2
219103,20260501,2
219103,20260624,2
219103,20260706,2
219103,20260815,2
219103,20261101,2
219103,20251224,2
219103,20251225,2
219103,20251226,2
226037,20260401,1
226037,20260101,1
226037,20260216,1
226037,20260311,1
226037,20260501,1
226037,20260624,1
226037,20260706,1
226037,20260815,1
226037,20261101,1
226037,20251224,1
226037,20251225,1
226037,20251226,1
226035,20260401,2
226035,20260101,2
226035,20260216,2
226035,20260311,2
226035,20260501,2
226035,20260624,2
226035,20260706,2
226035,20260815,2
226035,20261101,2
226035,20251224,2
226035,20251225,2
226035,20251226,2
226036,20260401,2
226036,20260101,2
226036,20260216,2
226036,20260311,2
226036,20260501,2
226036,20260624,2
226036,20260706,2
226036,20260815,2
226036,20261101,2
226036,20251224,2
226036,20251225,2
226036,20251226,2
221816,20260401,2
221816,20260101,2
221816,20260216,2
221816,20260311,2
221816,20260501,2
221816,20260624,2
221816,20260706,2
221816,20260815,2
221816,20261101,2
221816,20251224,2
221816,20251225,2
221816,20251226,2
221895,20260401,1
221895,20260101,1
221895,20260216,1
221895,20260311,1
221895,20260501,1
221895,20260624,1
221895,20260706,1
221895,20260815,1
221895,20261101,1
221895,20251224,1
221895,20251225,1
221895,20251226,1
218842,20260401,2
218842,20260101,2
218842,20260216,2
218842,20260311,2
218842,20260501,2
218842,20260624,2
218842,20260706,2
218842,20260815,2
218842,20261101,2
218842,20251224,2
218842,20251225,2
218842,20251226,2
216265,20260401,1
216265,20260101,1
216265,20260216,1
216265,20260311,1
216265,20260501,1
216265,20260624,1
216265,20260706,1
216265,20260815,1
216265,20261101,1
216265,20251224,1
216265,20251225,1
216265,20251226,1
218843,20260401,2
218843,20260101,2
218843,20260216,2
218843,20260311,2
218843,20260501,2
218843,20260624,2
218843,20260706,2
218843,20260815,2
218843,20261101,2
218843,20251224,2
218843,20251225,2
218843,20251226,2
224095,20260401,2
224095,20260101,2
224095,20260216,2
224095,20260311,2
224095,20260501,2
224095,20260624,2
224095,20260706,2
224095,20260815,2
224095,20261101,2
224095,20251224,2
224095,20251225,2
224095,20251226,2
224094,20260401,2
224094,20260101,2
224094,20260216,2
224094,20260311,2
224094,20260501,2
224094,20260624,2
224094,20260706,2
224094,20260815,2
224094,20261101,2
224094,20251224,2
224094,20251225,2
224094,20251226,2
224163,20260401,2
224163,20260101,2
224163,20260216,2
224163,20260311,2
224163,20260501,2
224163,20260624,2
224163,20260706,2
224163,20260815,2
224163,20261101,2
224163,20251224,2
224163,20251225,2
224163,20251226,2
224092,20260401,2
224092,20260101,2
224092,20260216,2
224092,20260311,2
224092,20260501,2
224092,20260624,2
224092,20260706,2
224092,20260815,2
224092,20261101,2
224092,20251224,2
224092,20251225,2
224092,20251226,2
224091,20260401,2
224091,20260101,2
224091,20260216,2
224091,20260311,2
224091,20260501,2
224091,20260624,2
224091,20260706,2
224091,20260815,2
224091,20261101,2
224091,20251224,2
224091,20251225,2
224091,20251226,2
224090,20260401,2
224090,20260101,2
224090,20260216,2
224090,20260311,2
224090,20260501,2
224090,20260624,2
224090,20260706,2
224090,20260815,2
224090,20261101,2
224090,20251224,2
224090,20251225,2
224090,20251226,2
224096,20260401,1
224096,20260101,1
224096,20260216,1
224096,20260311,1
224096,20260501,1
224096,20260624,1
224096,20260706,1
224096,20260815,1
224096,20261101,1
224096,20251224,1
224096,20251225,1
224096,20251226,1
223900,20260401,2
223900,20260101,2
223900,20260216,2
223900,20260311,2
223900,20260501,2
223900,20260624,2
223900,20260706,2
223900,20260815,2
223900,20261101,2
223900,20251224,2
223900,20251225,2
223900,20251226,2
221896,20260401,2
221896,20260101,2
221896,20260216,2
221896,20260311,2
221896,20260501,2
221896,20260624,2
221896,20260706,2
221896,20260815,2
221896,20261101,2
221896,20251224,2
221896,20251225,2
221896,20251226,2
220003,20260401,2
220003,20260101,2
220003,20260216,2
220003,20260311,2
220003,20260501,2
220003,20260624,2
220003,20260706,2
220003,20260815,2
220003,20261101,2
220003,20251224,2
220003,20251225,2
220003,20251226,2
215438,20260401,1
215438,20260101,1
215438,20260216,1
215438,20260311,1
215438,20260501,1
215438,20260624,1
215438,20260706,1
215438,20260815,1
215438,20261101,1
215438,20251224,1
215438,20251225,1
215438,20251226,1
210719,20260401,2
210719,20260101,2
210719,20260216,2
210719,20260311,2
210719,20260501,2
210719,20260624,2
210719,20260706,2
210719,20260815,2
210719,20261101,2
210719,20251224,2
210719,20251225,2
210719,20251226,2
211166,20260401,1
211166,20260101,1
211166,20260216,1
211166,20260311,1
211166,20260501,1
211166,20260624,1
211166,20260706,1
211166,20260815,1
211166,20261101,1
211166,20251224,1
211166,20251225,1
211166,20251226,1
221897,20260401,2
221897,20260101,2
221897,20260216,2
221897,20260311,2
221897,20260501,2
221897,20260624,2
221897,20260706,2
221897,20260815,2
221897,20261101,2
221897,20251224,2
221897,20251225,2
221897,20251226,2
223759,20260401,1
223759,20260101,1
223759,20260216,1
223759,20260311,1
223759,20260501,1
223759,20260624,1
223759,20260706,1
223759,20260815,1
223759,20261101,1
223759,20251224,1
223759,20251225,1
223759,20251226,1
221899,20260401,2
221899,20260101,2
221899,20260216,2
221899,20260311,2
221899,20260501,2
221899,20260624,2
221899,20260706,2
221899,20260815,2
221899,20261101,2
221899,20251224,2
221899,20251225,2
221899,20251226,2
182602,20260401,1
182602,20260101,1
182602,20260216,1
182602,20260311,1
182602,20260501,1
182602,20260624,1
182602,20260706,1
182602,20260815,1
182602,20261101,1
182602,20251224,1
182602,20251225,1
182602,20251226,1
221900,20260401,2
221900,20260101,2
221900,20260216,2
221900,20260311,2
221900,20260501,2
221900,20260624,2
221900,20260706,2
221900,20260815,2
221900,20261101,2
221900,20251224,2
221900,20251225,2
221900,20251226,2
224308,20260401,2
224308,20260101,2
224308,20260216,2
224308,20260311,2
224308,20260501,2
224308,20260624,2
224308,20260706,2
224308,20260815,2
224308,20261101,2
224308,20251224,2
224308,20251225,2
224308,20251226,2
221902,20260401,1
221902,20260101,1
221902,20260216,1
221902,20260311,1
221902,20260501,1
221902,20260624,1
221902,20260706,1
221902,20260815,1
221902,20261101,1
221902,20251224,1
221902,20251225,1
221902,20251226,1
221903,20260401,2
221903,20260101,2
221903,20260216,2
221903,20260311,2
221903,20260501,2
221903,20260624,2
221903,20260706,2
221903,20260815,2
221903,20261101,2
221903,20251224,2
221903,20251225,2
221903,20251226,2
221904,20260401,1
221904,20260101,1
221904,20260216,1
221904,20260311,1
221904,20260501,1
221904,20260624,1
221904,20260706,1
221904,20260815,1
221904,20261101,1
221904,20251224,1
221904,20251225,1
221904,20251226,1
221976,20260401,1
221976,20260101,1
221976,20260216,1
221976,20260311,1
221976,20260501,1
221976,20260624,1
221976,20260706,1
221976,20260815,1
221976,20261101,1
221976,20251224,1
221976,20251225,1
221976,20251226,1
221906,20260401,2
221906,20260101,2
221906,20260216,2
221906,20260311,2
221906,20260501,2
221906,20260624,2
221906,20260706,2
221906,20260815,2
221906,20261101,2
221906,20251224,2
221906,20251225,2
221906,20251226,2
224307,20260401,2
224307,20260101,2
224307,20260216,2
224307,20260311,2
224307,20260501,2
224307,20260624,2
224307,20260706,2
224307,20260815,2
224307,20261101,2
224307,20251224,2
224307,20251225,2
224307,20251226,2
221979,20260401,1
221979,20260101,1
221979,20260216,1
221979,20260311,1
221979,20260501,1
221979,20260624,1
221979,20260706,1
221979,20260815,1
221979,20261101,1
221979,20251224,1
221979,20251225,1
221979,20251226,1
218853,20260401,2
218853,20260101,2
218853,20260216,2
218853,20260311,2
218853,20260501,2
218853,20260624,2
218853,20260706,2
218853,20260815,2
218853,20261101,2
218853,20251224,2
218853,20251225,2
218853,20251226,2
220137,20260401,2
220137,20260101,2
220137,20260216,2
220137,20260311,2
220137,20260501,2
220137,20260624,2
220137,20260706,2
220137,20260815,2
220137,20261101,2
220137,20251224,2
220137,20251225,2
220137,20251226,2
220610,20260401,2
220610,20260101,2
220610,20260216,2
220610,20260311,2
220610,20260501,2
220610,20260624,2
220610,20260706,2
220610,20260815,2
220610,20261101,2
220610,20251224,2
220610,20251225,2
220610,20251226,2
192453,20260401,1
192453,20260101,1
192453,20260216,1
192453,20260311,1
192453,20260501,1
192453,20260624,1
192453,20260706,1
192453,20260815,1
192453,20261101,1
192453,20251224,1
192453,20251225,1
192453,20251226,1
220464,20260401,1
220464,20260101,1
220464,20260216,1
220464,20260311,1
220464,20260501,1
220464,20260624,1
220464,20260706,1
220464,20260815,1
220464,20261101,1
220464,20251224,1
220464,20251225,1
220464,20251226,1
218856,20260401,2
218856,20260101,2
218856,20260216,2
218856,20260311,2
218856,20260501,2
218856,20260624,2
218856,20260706,2
218856,20260815,2
218856,20261101,2
218856,20251224,2
218856,20251225,2
218856,20251226,2
221106,20260401,2
221106,20260101,2
221106,20260216,2
221106,20260311,2
221106,20260501,2
221106,20260624,2
221106,20260706,2
221106,20260815,2
221106,20261101,2
221106,20251224,2
221106,20251225,2
221106,20251226,2
219235,20260401,1
219235,20260101,1
219235,20260216,1
219235,20260311,1
219235,20260501,1
219235,20260624,1
219235,20260706,1
219235,20260815,1
219235,20261101,1
219235,20251224,1
219235,20251225,1
219235,20251226,1
211774,20260401,2
211774,20260101,2
211774,20260216,2
211774,20260311,2
211774,20260501,2
211774,20260624,2
211774,20260706,2
211774,20260815,2
211774,20261101,2
211774,20251224,2
211774,20251225,2
211774,20251226,2
174882,20260401,1
174882,20260101,1
174882,20260216,1
174882,20260311,1
174882,20260501,1
174882,20260624,1
174882,20260706,1
174882,20260815,1
174882,20261101,1
174882,20251224,1
174882,20251225,1
174882,20251226,1
220361,20260401,2
220361,20260101,2
220361,20260216,2
220361,20260311,2
220361,20260501,2
220361,20260624,2
220361,20260706,2
220361,20260815,2
220361,20261101,2
220361,20251224,2
220361,20251225,2
220361,20251226,2
182209,20260401,1
182209,20260101,1
182209,20260216,1
182209,20260311,1
182209,20260501,1
182209,20260624,1
182209,20260706,1
182209,20260815,1
182209,20261101,1
182209,20251224,1
182209,20251225,1
182209,20251226,1
181917,20260401,2
181917,20260101,2
181917,20260216,2
181917,20260311,2
181917,20260501,2
181917,20260624,2
181917,20260706,2
181917,20260815,2
181917,20261101,2
181917,20251224,2
181917,20251225,2
181917,20251226,2
181918,20260401,1
181918,20260101,1
181918,20260216,1
181918,20260311,1
181918,20260501,1
181918,20260624,1
181918,20260706,1
181918,20260815,1
181918,20261101,1
181918,20251224,1
181918,20251225,1
181918,20251226,1
181916,20260401,1
181916,20260101,1
181916,20260216,1
181916,20260311,1
181916,20260501,1
181916,20260624,1
181916,20260706,1
181916,20260815,1
181916,20261101,1
181916,20251224,1
181916,20251225,1
181916,20251226,1
181915,20260401,2
181915,20260101,2
181915,20260216,2
181915,20260311,2
181915,20260501,2
181915,20260624,2
181915,20260706,2
181915,20260815,2
181915,20261101,2
181915,20251224,2
181915,20251225,2
181915,20251226,2
225654,20260401,1
225654,20260101,1
225654,20260216,1
225654,20260311,1
225654,20260501,1
225654,20260624,1
225654,20260706,1
225654,20260815,1
225654,20261101,1
225654,20251224,1
225654,20251225,1
225654,20251226,1
225653,20260401,2
225653,20260101,2
225653,20260216,2
225653,20260311,2
225653,20260501,2
225653,20260624,2
225653,20260706,2
225653,20260815,2
225653,20261101,2
225653,20251224,2
225653,20251225,2
225653,20251226,2
221980,20260401,2
221980,20260101,2
221980,20260216,2
221980,20260311,2
221980,20260501,2
221980,20260624,2
221980,20260706,2
221980,20260815,2
221980,20261101,2
221980,20251224,2
221980,20251225,2
221980,20251226,2
221981,20260401,1
221981,20260101,1
221981,20260216,1
221981,20260311,1
221981,20260501,1
221981,20260624,1
221981,20260706,1
221981,20260815,1
221981,20261101,1
221981,20251224,1
221981,20251225,1
221981,20251226,1
221982,20260401,2
221982,20260101,2
221982,20260216,2
221982,20260311,2
221982,20260501,2
221982,20260624,2
221982,20260706,2
221982,20260815,2
221982,20261101,2
221982,20251224,2
221982,20251225,2
221982,20251226,2
221983,20260401,1
221983,20260101,1
221983,20260216,1
221983,20260311,1
221983,20260501,1
221983,20260624,1
221983,20260706,1
221983,20260815,1
221983,20261101,1
221983,20251224,1
221983,20251225,1
221983,20251226,1
194178,20260401,1
194178,20260101,1
194178,20260216,1
194178,20260311,1
194178,20260501,1
194178,20260624,1
194178,20260706,1
194178,20260815,1
194178,20261101,1
194178,20251224,1
194178,20251225,1
194178,20251226,1
221977,20260401,2
221977,20260101,2
221977,20260216,2
221977,20260311,2
221977,20260501,2
221977,20260624,2
221977,20260706,2
221977,20260815,2
221977,20261101,2
221977,20251224,2
221977,20251225,2
221977,20251226,2
206751,20260401,1
206751,20260101,1
206751,20260216,1
206751,20260311,1
206751,20260501,1
206751,20260624,1
206751,20260706,1
206751,20260815,1
206751,20261101,1
206751,20251224,1
206751,20251225,1
206751,20251226,1
221984,20260401,2
221984,20260101,2
221984,20260216,2
221984,20260311,2
221984,20260501,2
221984,20260624,2
221984,20260706,2
221984,20260815,2
221984,20261101,2
221984,20251224,2
221984,20251225,2
221984,20251226,2
216025,20260401,1
216025,20260101,1
216025,20260216,1
216025,20260311,1
216025,20260501,1
216025,20260624,1
216025,20260706,1
216025,20260815,1
216025,20261101,1
216025,20251224,1
216025,20251225,1
216025,20251226,1
218863,20260401,2
218863,20260101,2
218863,20260216,2
218863,20260311,2
218863,20260501,2
218863,20260624,2
218863,20260706,2
218863,20260815,2
218863,20261101,2
218863,20251224,2
218863,20251225,2
218863,20251226,2
192295,20260401,1
192295,20260101,1
192295,20260216,1
192295,20260311,1
192295,20260501,1
192295,20260624,1
192295,20260706,1
192295,20260815,1
192295,20261101,1
192295,20251224,1
192295,20251225,1
192295,20251226,1
218864,20260401,2
218864,20260101,2
218864,20260216,2
218864,20260311,2
218864,20260501,2
218864,20260624,2
218864,20260706,2
218864,20260815,2
218864,20261101,2
218864,20251224,2
218864,20251225,2
218864,20251226,2
215885,20260401,1
215885,20260101,1
215885,20260216,1
215885,20260311,1
215885,20260501,1
215885,20260624,1
215885,20260706,1
215885,20260815,1
215885,20261101,1
215885,20251224,1
215885,20251225,1
215885,20251226,1
226238,20260401,1
226238,20260101,1
226238,20260216,1
226238,20260311,1
226238,20260501,1
226238,20260624,1
226238,20260706,1
226238,20260815,1
226238,20261101,1
226238,20251224,1
226238,20251225,1
226238,20251226,1
220358,20260401,2
220358,20260101,2
220358,20260216,2
220358,20260311,2
220358,20260501,2
220358,20260624,2
220358,20260706,2
220358,20260815,2
220358,20261101,2
220358,20251224,2
220358,20251225,2
220358,20251226,2
202021,20260401,2
202021,20260101,2
202021,20260216,2
202021,20260311,2
202021,20260501,2
202021,20260624,2
202021,20260706,2
202021,20260815,2
202021,20261101,2
202021,20251224,2
202021,20251225,2
202021,20251226,2
185405,20260401,1
185405,20260101,1
185405,20260216,1
185405,20260311,1
185405,20260501,1
185405,20260624,1
185405,20260706,1
185405,20260815,1
185405,20261101,1
185405,20251224,1
185405,20251225,1
185405,20251226,1
221041,20260401,1
221041,20260101,1
221041,20260216,1
221041,20260311,1
221041,20260501,1
221041,20260624,1
221041,20260706,1
221041,20260815,1
221041,20261101,1
221041,20251224,1
221041,20251225,1
221041,20251226,1
221039,20260401,2
221039,20260101,2
221039,20260216,2
221039,20260311,2
221039,20260501,2
221039,20260624,2
221039,20260706,2
221039,20260815,2
221039,20261101,2
221039,20251224,2
221039,20251225,2
221039,20251226,2
223766,20260401,2
223766,20260101,2
223766,20260216,2
223766,20260311,2
223766,20260501,2
223766,20260624,2
223766,20260706,2
223766,20260815,2
223766,20261101,2
223766,20251224,2
223766,20251225,2
223766,20251226,2
220365,20260401,1
220365,20260101,1
220365,20260216,1
220365,20260311,1
220365,20260501,1
220365,20260624,1
220365,20260706,1
220365,20260815,1
220365,20261101,1
220365,20251224,1
220365,20251225,1
220365,20251226,1
223835,20260401,2
223835,20260101,2
223835,20260216,2
223835,20260311,2
223835,20260501,2
223835,20260624,2
223835,20260706,2
223835,20260815,2
223835,20261101,2
223835,20251224,2
223835,20251225,2
223835,20251226,2
223765,20260401,2
223765,20260101,2
223765,20260216,2
223765,20260311,2
223765,20260501,2
223765,20260624,2
223765,20260706,2
223765,20260815,2
223765,20261101,2
223765,20251224,2
223765,20251225,2
223765,20251226,2
220366,20260401,1
220366,20260101,1
220366,20260216,1
220366,20260311,1
220366,20260501,1
220366,20260624,1
220366,20260706,1
220366,20260815,1
220366,20261101,1
220366,20251224,1
220366,20251225,1
220366,20251226,1
220368,20260401,1
220368,20260101,1
220368,20260216,1
220368,20260311,1
220368,20260501,1
220368,20260624,1
220368,20260706,1
220368,20260815,1
220368,20261101,1
220368,20251224,1
220368,20251225,1
220368,20251226,1
218767,20260401,2
218767,20260101,2
218767,20260216,2
218767,20260311,2
218767,20260501,2
218767,20260624,2
218767,20260706,2
218767,20260815,2
218767,20261101,2
218767,20251224,2
218767,20251225,2
218767,20251226,2
219750,20260401,1
219750,20260101,1
219750,20260216,1
219750,20260311,1
219750,20260501,1
219750,20260624,1
219750,20260706,1
219750,20260815,1
219750,20261101,1
219750,20251224,1
219750,20251225,1
219750,20251226,1
218762,20260401,2
218762,20260101,2
218762,20260216,2
218762,20260311,2
218762,20260501,2
218762,20260624,2
218762,20260706,2
218762,20260815,2
218762,20261101,2
218762,20251224,2
218762,20251225,2
218762,20251226,2
224164,20260401,2
224164,20260101,2
224164,20260216,2
224164,20260311,2
224164,20260501,2
224164,20260624,2
224164,20260706,2
224164,20260815,2
224164,20261101,2
224164,20251224,2
224164,20251225,2
224164,20251226,2
223209,20260401,1
223209,20260101,1
223209,20260216,1
223209,20260311,1
223209,20260501,1
223209,20260624,1
223209,20260706,1
223209,20260815,1
223209,20261101,1
223209,20251224,1
223209,20251225,1
223209,20251226,1
220369,20260401,1
220369,20260101,1
220369,20260216,1
220369,20260311,1
220369,20260501,1
220369,20260624,1
220369,20260706,1
220369,20260815,1
220369,20261101,1
220369,20251224,1
220369,20251225,1
220369,20251226,1
218763,20260401,2
218763,20260101,2
218763,20260216,2
218763,20260311,2
218763,20260501,2
218763,20260624,2
218763,20260706,2
218763,20260815,2
218763,20261101,2
218763,20251224,2
218763,20251225,2
218763,20251226,2
218697,20260401,2
218697,20260101,2
218697,20260216,2
218697,20260311,2
218697,20260501,2
218697,20260624,2
218697,20260706,2
218697,20260815,2
218697,20261101,2
218697,20251224,2
218697,20251225,2
218697,20251226,2
219751,20260401,1
219751,20260101,1
219751,20260216,1
219751,20260311,1
219751,20260501,1
219751,20260624,1
219751,20260706,1
219751,20260815,1
219751,20261101,1
219751,20251224,1
219751,20251225,1
219751,20251226,1
220370,20260401,1
220370,20260101,1
220370,20260216,1
220370,20260311,1
220370,20260501,1
220370,20260624,1
220370,20260706,1
220370,20260815,1
220370,20261101,1
220370,20251224,1
220370,20251225,1
220370,20251226,1
218696,20260401,2
218696,20260101,2
218696,20260216,2
218696,20260311,2
218696,20260501,2
218696,20260624,2
218696,20260706,2
218696,20260815,2
218696,20261101,2
218696,20251224,2
218696,20251225,2
218696,20251226,2
218625,20260401,1
218625,20260101,1
218625,20260216,1
218625,20260311,1
218625,20260501,1
218625,20260624,1
218625,20260706,1
218625,20260815,1
218625,20261101,1
218625,20251224,1
218625,20251225,1
218625,20251226,1
218764,20260401,2
218764,20260101,2
218764,20260216,2
218764,20260311,2
218764,20260501,2
218764,20260624,2
218764,20260706,2
218764,20260815,2
218764,20261101,2
218764,20251224,2
218764,20251225,2
218764,20251226,2
219555,20260401,1
219555,20260101,1
219555,20260216,1
219555,20260311,1
219555,20260501,1
219555,20260624,1
219555,20260706,1
219555,20260815,1
219555,20261101,1
219555,20251224,1
219555,20251225,1
219555,20251226,1
218694,20260401,2
218694,20260101,2
218694,20260216,2
218694,20260311,2
218694,20260501,2
218694,20260624,2
218694,20260706,2
218694,20260815,2
218694,20261101,2
218694,20251224,2
218694,20251225,2
218694,20251226,2
219557,20260401,1
219557,20260101,1
219557,20260216,1
219557,20260311,1
219557,20260501,1
219557,20260624,1
219557,20260706,1
219557,20260815,1
219557,20261101,1
219557,20251224,1
219557,20251225,1
219557,20251226,1
218695,20260401,2
218695,20260101,2
218695,20260216,2
218695,20260311,2
218695,20260501,2
218695,20260624,2
218695,20260706,2
218695,20260815,2
218695,20261101,2
218695,20251224,2
218695,20251225,2
218695,20251226,2
223346,20260401,2
223346,20260101,2
223346,20260216,2
223346,20260311,2
223346,20260501,2
223346,20260624,2
223346,20260706,2
223346,20260815,2
223346,20261101,2
223346,20251224,2
223346,20251225,2
223346,20251226,2
220371,20260401,1
220371,20260101,1
220371,20260216,1
220371,20260311,1
220371,20260501,1
220371,20260624,1
220371,20260706,1
220371,20260815,1
220371,20261101,1
220371,20251224,1
220371,20251225,1
220371,20251226,1
220372,20260401,1
220372,20260101,1
220372,20260216,1
220372,20260311,1
220372,20260501,1
220372,20260624,1
220372,20260706,1
220372,20260815,1
220372,20261101,1
220372,20251224,1
220372,20251225,1
220372,20251226,1
218766,20260401,2
218766,20260101,2
218766,20260216,2
218766,20260311,2
218766,20260501,2
218766,20260624,2
218766,20260706,2
218766,20260815,2
218766,20261101,2
218766,20251224,2
218766,20251225,2
218766,20251226,2